0 0 0 0 0 0 0 0 0 0 0 0 0 0 0 0
0 0 0 0 0 0 0 0 0 0 0 0 0 0 0 0
0 0 0 0 0 0 0 0 0 0 0 0 0 0 0 0
0 0 0 0 0 0 0 0 0 0 0 0 0 0 0 0
0 0 0 0 0 0 0 0 0 0 0 0 0 0 0 0
0 0 0 0 0 0 0 0 0 0 0 0 0 0 0 0
0 0 0 0 0 0 0 0 0 0 0 0 0 0 0 0
0 0 0 0 0 0 0 0 0 0 0 0 0 0 0 0
3 4 5 6 7 8 9 10 11 12 13 14 15 16 1 2
7 8 9 10 11 12 13 14 15 16 1 2 3 4 5 6
11 12 13 14 15 16 1 2 3 4 5 6 7 8 9 10
15 16 1 2 3 4 5 6 7 8 9 10 11 12 13 14
4 5 6 7 8 9 10 11 12 13 14 15 16 1 2 3
8 9 10 11 12 13 14 15 16 1 2 3 4 5 6 7
12 13 14 15 16 1 2 3 4 5 6 7 8 9 10 11
16 1 2 3 4 5 6 7 8 9 10 11 12 13 14 15
