1 2 3 4 5 6 7 8 9 10 11 12 13 14 15 16
5 6 7 8 1 2 3 4 13 14 15 16 9 10 11 12
9 10 11 12 13 14 15 16 1 2 3 4 5 6 7 8
13 14 15 16 9 10 11 12 5 6 7 8 1 2 3 4
2 3 4 1 6 7 8 5 10 11 12 9 14 15 16 13
6 7 8 5 2 3 4 1 14 15 16 13 10 11 12 9
10 11 12 9 14 15 16 13 2 3 4 1 6 7 8 5
14 15 16 13 10 11 12 9 6 7 8 5 2 3 4 1
3 4 5 6 7 8 9 10 11 12 13 14 15 16 1 2
7 8 9 10 11 12 13 14 15 16 1 2 3 4 5 6
11 12 13 14 15 16 1 2 3 4 5 6 7 8 9 10
15 16 1 2 3 4 5 6 7 8 9 10 11 12 13 14
4 5 6 7 8 9 10 11 12 13 14 15 16 1 2 3
8 9 10 11 12 13 14 15 16 1 2 3 4 5 6 7
12 13 14 15 16 1 2 3 4 5 6 7 8 9 10 11
16 1 2 3 4 5 6 7 8 9 10 11 12 13 14 15
